-0.00284461,0.00586229,0.00933421,0.065718,-0.0364884,0.171683,35,0,0
-0.002931,0.00621317,0.00959322,0.0645221,-0.0369781,0.169148,35,0,0
-0.00320176,0.00609238,0.0101475,0.0670414,-0.0194306,0.16451,35,0,0
-0.00359415,0.00534099,0.0104349,0.0736243,0.0164087,0.161211,35,0,0
-0.0038471,0.00457886,0.0112229,0.0724489,0.0524174,0.164081,35,0,0
-0.00211554,0.00374556,0.0124467,0.0567621,0.0654727,0.173545,35,0,0
-0.00175252,0.00439454,0.0122888,0.0406199,0.0466482,0.186199,35,0,0
-0.000306344,0.00515013,0.011729,0.0345963,0.0141025,0.195459,35,0,0
0.000874926,0.00583431,0.010032,0.0352798,-0.0155418,0.197199,35,0,0
0.00124683,0.00630811,0.00839054,0.037742,-0.0332037,0.193364,35,0,0
0.00104561,0.00596243,0.00866671,0.0429743,-0.0132215,0.184948,35,0,0
0.00050019,0.00581847,0.0073782,0.0404877,0.0270632,0.183264,35,0,0
0.000582763,0.00530949,0.00774751,0.027389,0.0641066,0.191472,35,0,0
-0.000284777,0.00580047,0.00709869,-0.00019034,0.0783976,0.204956,35,0,0
2.52637e-05,0.00610457,0.00684472,-0.0295866,0.059497,0.218634,35,0,0
-5.42258e-05,0.00654938,0.00514968,-0.0452734,0.021337,0.227433,35,0,0
-0.000121857,0.00649126,0.00316716,-0.046292,-0.0156697,0.228635,35,0,0
7.75936e-05,0.00598796,0.00117714,-0.0394525,-0.0394126,0.221571,35,0,0
1.28206e-05,0.00599184,0.00116219,-0.024806,-0.0431138,0.206344,35,0,0
0.000407171,0.00540646,-0.000670806,0.00129866,-0.0203013,0.190167,35,0,0
0.000418334,0.00544125,-0.000267331,0.0219024,0.0161599,0.180985,35,0,0
0.000128045,0.00575958,-0.00129181,0.0258085,0.047472,0.180661,35,0,0
8.5016e-05,0.00649599,0.00130231,0.0158485,0.0603917,0.188159,35,0,0
0.000192591,0.0070444,0.00254117,0.00499023,0.0408194,0.198428,35,0,0
0.000223119,0.00717084,0.00215509,0.00598706,0.00968785,0.203144,35,0,0
9.53275e-05,0.00772146,0.00285858,0.0136955,-0.0139053,0.197775,35,0,0
-9.15839e-05,0.00800486,0.00328189,0.0280457,-0.0285565,0.1858,35,0,0
-0.000182369,0.00779086,0.00342957,0.0492407,-0.0246503,0.172604,35,0,0
-0.000709089,0.00755173,0.00403303,0.0648953,-0.00418862,0.165269,35,0,0
-0.000601575,0.00746275,0.004214,0.0651615,0.0242338,0.164872,35,0,0
-0.00071094,0.00700136,0.00610888,0.0533793,0.0519274,0.168104,35,0,0
-0.000464169,0.00642133,0.00836204,0.0367019,0.0778687,0.173324,35,0,0
0.000282807,0.00622687,0.0095422,0.0122728,0.0875125,0.181654,35,0,0
0.000603611,0.00647223,0.00936133,-0.0101618,0.0722249,0.190133,35,0,0
0.000959445,0.00668789,0.00892474,-0.0191697,0.0415591,0.193652,35,0,0
0.00123607,0.00702378,0.00528777,-0.0199938,0.00426495,0.192216,35,0,0
0.000902359,0.00748582,0.0018223,-0.0115836,-0.0257807,0.187218,35,0,0
0.000720823,0.00751716,0.00177528,0.00516055,-0.0399245,0.178872,35,0,0
0.000136584,0.00779995,-0.00034853,0.0279275,-0.0289309,0.170708,35,0,0
-0.000667699,0.00837441,8.93108e-05,0.0476618,0.00753762,0.167111,35,0,0
-0.00135235,0.00852654,0.00251594,0.05363,0.0486969,0.170134,35,0,0
-0.000963426,0.00778431,0.00541756,0.0331767,0.074054,0.179048,35,0,0
-0.000525427,0.00801078,0.00514135,0.000773324,0.0599896,0.189937,35,0,0
0.0003489,0.00830203,0.0059439,-0.00548351,0.0176427,0.193902,35,0,0
0.000276335,0.00717727,0.00604661,0.0146811,0.00113558,0.188273,35,0,0
-1.61837e-05,0.00706694,0.00618101,0.022157,0.00957013,0.187165,35,0,0
0.000592686,0.00510057,0.00471229,0.00755729,0.0189101,0.199349,35,0,0
0.000587599,0.00298924,0.00125064,-0.0263589,0.0264549,0.222104,35,0,0
4.22851e-05,0.00154993,0.000131346,-0.0563452,0.0470955,0.247312,35,0,0
-0.000103888,0.00153261,0.00024855,-0.0717364,0.0785707,0.266808,35,0,0
