0.00146177,0.000313243,0.000205171,-0.00308714,0.0594107,0.282753,10,0,0
0.00193119,0.000325878,0.000236822,-0.00307793,0.0594168,0.282722,10,0,0
0.00193137,0.000326102,0.000236223,-0.00308772,0.0594119,0.282731,10,0,0
0.0023847,0.000199901,0.00031119,-0.00309735,0.0594157,0.282745,10,0,0
0.00234732,7.89651e-05,0.000314854,-0.00308772,0.0594119,0.282731,10,0,0
0.00234636,0.000119861,0.000342972,-0.00309738,0.0594293,0.282741,10,0,0
0.0023462,0.000119542,0.000344262,-0.00307777,0.0594255,0.282727,10,0,0
0.00236565,0.000140977,0.000362966,-0.00308759,0.0594342,0.282732,10,0,0
0.00238529,0.000161621,0.000382669,-0.00307769,0.0593982,0.282734,10,0,0
0.00238611,0.000131878,0.00038342,-0.00308759,0.0594342,0.282732,10,0,0
0.00238611,0.000131405,0.000383201,-0.00308796,0.0594305,0.282718,10,0,0
0.00238581,0.000142049,0.000383051,-0.00308755,0.0594206,0.282736,10,0,0
0.00238594,0.000141177,0.000362655,-0.00308759,0.0594342,0.282732,10,0,0
0.0024059,0.000132133,0.000373421,-0.00308776,0.0594256,0.282727,10,0,0
0.00238555,0.000152292,0.000392255,-0.00308792,0.0594169,0.282722,10,0,0
0.00238574,0.000151882,0.000393034,-0.00307797,0.0594305,0.282718,10,0,0
0.00240628,0.000121783,0.000364401,-0.00308776,0.0594256,0.282727,10,0,0
0.00242634,0.000111727,0.000344735,-0.0030779,0.0594032,0.282726,10,0,0
0.00242664,0.000112058,0.000342778,-0.00310738,0.0594294,0.282741,10,0,0
0.00243124,-5.80473e-05,0.000338835,-0.00309768,0.0593983,0.282735,10,0,0
0.00241463,-0.000229522,0.000337424,-0.00306753,0.0594069,0.282739,10,0,0
0.00241504,-0.000228861,0.00033477,-0.00308796,0.0594305,0.282718,10,0,0
0.00241434,-0.00019917,0.00034504,-0.00307777,0.0594255,0.282727,10,0,0
0.00239466,-0.000206376,0.000412053,-0.00310731,0.0594021,0.282749,10,0,0
0.00241027,-5.82567e-05,0.000391564,-0.00306794,0.0594168,0.282721,10,0,0
0.00241116,-5.65602e-05,0.000388514,-0.00310792,0.0594169,0.282723,10,0,0
0.00240654,0.000101377,0.000376595,-0.00306777,0.0594255,0.282726,10,0,0
0.0024066,0.000102344,0.000374313,-0.00308772,0.0594119,0.282731,10,0,0
0.00238662,0.000111453,0.000364007,-0.00308789,0.0594032,0.282726,10,0,0
0.00238663,0.000111241,0.000365322,-0.0030679,0.0594031,0.282725,10,0,0
0.00236595,0.000128777,0.000304632,-0.00307814,0.0594217,0.282713,10,0,0
0.00234661,0.000102252,0.000413497,-0.00308813,0.0594218,0.282713,10,0,0
0.00234682,0.000101988,0.000414847,-0.00308772,0.0594119,0.282731,10,0,0
0.0023666,0.000103477,0.000423285,-0.00309768,0.0593983,0.282735,10,0,0
0.00236693,0.000102767,0.000424285,-0.00308755,0.0594206,0.282736,10,0,0
0.00238615,0.000113041,0.000424616,-0.00308752,0.059407,0.282739,10,0,0
0.00238576,0.00013238,0.000424953,-0.00307777,0.0594255,0.282727,10,0,0
0.00240616,0.000132854,0.000392798,-0.00308731,0.059402,0.282748,10,0,0
0.0024258,0.000151805,0.000353091,-0.00308748,0.0593933,0.282743,10,0,0
0.0024252,0.000161521,0.000332498,-0.00307769,0.0593982,0.282734,10,0,0
0.00242518,0.000161198,0.000333232,-0.00307715,0.0594107,0.282753,10,0,0
0.00240657,0.00010988,0.000314338,-0.00308735,0.0594157,0.282744,10,0,0
0.00240675,0.000110076,0.000314794,-0.00307756,0.0594206,0.282735,10,0,0
0.0023871,0.00010006,0.000313699,-0.00308755,0.0594206,0.282736,10,0,0
0.00238633,0.000120496,0.000323479,-0.00309751,0.059407,0.28274,10,0,0
0.00236718,9.01908e-05,0.000334574,-0.00308752,0.059407,0.282739,10,0,0
0.00236705,8.9927e-05,0.000334605,-0.00308731,0.059402,0.282748,10,0,0
0.0023667,0.000110062,0.000354257,-0.00308776,0.0594256,0.282727,10,0,0
0.00238543,0.000160955,0.000372813,-0.00308759,0.0594342,0.282732,10,0,0
0.00238559,0.000161589,0.000372009,-0.00309751,0.059407,0.28274,10,0,0
