0.00418356,0.000193274,0.00064963,-0.00303673,0.0595829,0.2827,35,0,0
0.00418338,0.000193481,0.000649276,-0.00303925,0.0596061,0.282598,35,0,0
0.00671351,0.000209162,0.00100071,-0.00307823,0.0595816,0.282643,35,0,0
0.00671256,0.000207125,0.00100686,-0.00303876,0.0595553,0.282627,35,0,0
0.00841897,0.000255941,0.00132277,-0.00301751,0.0595889,0.282668,35,0,0
0.00841942,0.000258464,0.00131336,-0.00303804,0.0595765,0.28265,35,0,0
0.00842041,0.000238433,0.00131178,-0.00303939,0.0595838,0.282597,35,0,0
0.00841934,0.000259098,0.00133334,-0.00304798,0.0595493,0.282658,35,0,0
0.00841956,0.00025823,0.0013319,-0.00303842,0.0595727,0.282637,35,0,0
0.00842031,0.000236992,0.00131264,-0.00303868,0.0596049,0.28262,35,0,0
0.00842183,0.000240417,0.00130946,-0.00305854,0.0595505,0.282636,35,0,0
0.00842085,0.000237307,0.00128416,-0.00302939,0.0595837,0.282597,35,0,0
0.00842049,0.000267218,0.00126091,-0.00303781,0.059558,0.282663,35,0,0
0.00841958,0.0002655,0.00126786,-0.00302802,0.0595628,0.282654,35,0,0
0.00841978,0.000277367,0.00123815,-0.00304858,0.0595641,0.282632,35,0,0
0.00842383,0.000129079,0.0012906,-0.0030584,0.0595728,0.282637,35,0,0
0.00842415,0.000128885,0.001293,-0.00305817,0.0595543,0.28265,35,0,0
0.00842272,0.000108381,0.00133044,-0.00302779,0.0595443,0.282666,35,0,0
0.00842454,9.08753e-05,0.00137652,-0.00303862,0.0595777,0.282628,35,0,0
0.0084244,8.94344e-05,0.00137739,-0.00303798,0.0595493,0.282658,35,0,0
0.00842517,5.00377e-05,0.00141475,-0.00304801,0.0595629,0.282654,35,0,0
0.00842121,0.000210603,0.0013935,-0.00303859,0.059564,0.282632,35,0,0
0.00842129,0.000230175,0.00138064,-0.00304821,0.0595678,0.282646,35,0,0
0.00842091,0.000232436,0.0013773,-0.0030584,0.0595728,0.282637,35,0,0
0.00844001,0.000241456,0.00137168,-0.00304861,0.0595777,0.282628,35,0,0
0.0084602,0.00026276,0.00135645,-0.00305797,0.0595494,0.282658,35,0,0
0.00846168,0.000262927,0.00135665,-0.00306834,0.0595456,0.282645,35,0,0
0.00845797,0.000279067,0.00135521,-0.00303804,0.0595765,0.28265,35,0,0
0.00847929,0.000280806,0.00134066,-0.00304861,0.0595777,0.282628,35,0,0
0.00848058,0.000282364,0.00133603,-0.00306837,0.0595592,0.282641,35,0,0
0.00845962,0.000297988,0.00132102,-0.00303827,0.0595951,0.282638,35,0,0
0.008441,0.000269805,0.0012863,-0.0030586,0.0595778,0.282629,35,0,0
0.00843834,0.000401018,0.00131218,-0.00306837,0.0595592,0.282641,35,0,0
0.00843669,0.000397448,0.00132001,-0.00303879,0.059569,0.282623,35,0,0
0.00841658,0.000397315,0.00127679,-0.00305883,0.0595963,0.282616,35,0,0
0.0084161,0.0004368,0.00128802,-0.00303784,0.0595716,0.282659,35,0,0
0.00841621,0.000437984,0.00128552,-0.00304881,0.0595827,0.28262,35,0,0
0.00841675,0.000419828,0.00130365,-0.00305857,0.0595641,0.282632,35,0,0
0.0084196,0.000288012,0.00127792,-0.00304801,0.0595629,0.282654,35,0,0
0.00841981,0.000287144,0.00127647,-0.003068,0.059563,0.282655,35,0,0
0.00842445,0.000111716,0.00126799,-0.00307837,0.0595593,0.282642,35,0,0
0.00846508,9.02327e-05,0.00130435,-0.00304841,0.0595728,0.282637,35,0,0
0.00848341,0.000110621,0.00130747,-0.0030582,0.0595679,0.282646,35,0,0
0.00848298,0.000110749,0.00133829,-0.00303862,0.0595777,0.282628,35,0,0
0.00848513,0.000112042,0.00133383,-0.00304821,0.0595678,0.282646,35,0,0
0.00848317,0.000120364,0.00130566,-0.0030578,0.0595581,0.282663,35,0,0
0.00844094,0.000270436,0.00130629,-0.0030584,0.0595728,0.282637,35,0,0
0.00844062,0.000269862,0.00130861,-0.00305777,0.0595444,0.282667,35,0,0
0.00842144,0.000238768,0.00128952,-0.00304881,0.0595827,0.28262,35,0,0
0.00840259,0.000216694,0.00123792,-0.00306806,0.0595903,0.282647,35,0,0
