0.000779821,0.000136794,-0.000773767,0.0508203,-0.0265358,0.189386,35,0,0
0.00276834,0.000491605,-0.00308456,0.0478907,-0.0257249,0.187599,35,0,0
0.00470107,0.000851938,-0.00540276,0.0476276,-0.0278089,0.186911,35,0,0
0.004671,0.00077395,-0.00544015,0.0458315,-0.0323455,0.185913,35,0,0
0.0061203,0.00094281,-0.00703116,0.0463486,-0.0336576,0.182298,35,0,0
0.00710572,0.00122882,-0.00778232,0.0501129,-0.0268922,0.176559,35,0,0
0.00715758,0.00160555,-0.00766477,0.0523514,-0.00411926,0.169817,35,0,0
0.00733032,0.00222005,-0.0077294,0.050931,0.0266107,0.163879,35,0,0
0.00785322,0.00239302,-0.008652,0.0536397,0.0578306,0.163706,35,0,0
0.00791577,0.0027263,-0.00849248,0.0555169,0.0842335,0.170428,35,0,0
0.00820588,0.00242558,-0.00912256,0.0552781,0.108135,0.185539,35,0,0
0.00820936,0.00272308,-0.00903499,0.051613,0.117531,0.206759,35,0,0
0.00759168,0.000647058,-0.00884886,0.0477336,0.107989,0.229692,35,0,0
0.00627515,-0.00139315,-0.00725617,0.0445419,0.0830789,0.249061,35,0,0
0.00504067,-0.00231754,-0.00527147,0.042038,0.0475401,0.261186,35,0,0
0.00493776,-0.00277827,-0.00514451,0.0393949,0.00948812,0.266506,35,0,0
0.00372981,-0.00262095,-0.00324534,0.0383489,-0.022455,0.260899,35,0,0
0.0036493,-0.00273514,-0.00324429,0.0368932,-0.0353364,0.241739,35,0,0
0.00302272,-0.00140808,-0.00232445,0.0340108,-0.0286289,0.215576,35,0,0
0.00327448,-0.000299927,-0.00235485,0.0357945,-0.000235795,0.193097,35,0,0
0.00329294,-0.00012553,-0.00234591,0.0364427,0.0382521,0.180503,35,0,0
0.00405311,0.000503297,-0.00288185,0.0310016,0.0757151,0.180757,35,0,0
0.00543298,0.000683892,-0.00414819,0.0200208,0.0985505,0.193536,35,0,0
0.00619446,0.000565795,-0.00417967,0.014755,0.111483,0.215971,35,0,0
0.00623297,0.000610415,-0.00411708,0.00753023,0.102719,0.24123,35,0,0
0.00636904,2.0408e-05,-0.00403365,-0.00200085,0.0751217,0.260363,35,0,0
0.00634076,-0.000354738,-0.00406179,-0.00827241,0.0381028,0.270188,35,0,0
0.00549886,-0.00115927,-0.00276198,-0.00928679,0.0036039,0.269476,35,0,0
0.0040472,-0.000912156,-0.00106556,-0.00926119,-0.0244085,0.258747,35,0,0
0.00402931,-0.00101278,-0.00104349,-0.00905078,-0.0393764,0.238856,35,0,0
0.00345816,-0.000604391,-0.000474554,-0.00816767,-0.0350848,0.21343,35,0,0
0.00356293,-0.000157925,-0.000134682,-0.0104526,-0.0105526,0.188488,35,0,0
0.0044968,8.85762e-06,0.000103622,-0.0120195,0.0256933,0.171118,35,0,0
0.00449625,6.18594e-05,8.40923e-05,-0.0204209,0.0642172,0.163007,35,0,0
0.00608081,0.000315269,0.000386991,-0.0327944,0.0957875,0.164549,35,0,0
0.00747511,0.000674339,0.00116603,-0.0442727,0.109504,0.176676,35,0,0
0.00808385,0.0011691,0.00194195,-0.0505852,0.102332,0.195096,35,0,0
0.0080751,0.00126676,0.00191732,-0.0546499,0.0791862,0.21576,35,0,0
0.00812117,0.00158506,0.00241536,-0.0588021,0.0452864,0.233268,35,0,0
0.00667541,0.00197424,0.00287638,-0.0644553,0.00659806,0.243811,35,0,0
0.00669412,0.00204071,0.00278745,-0.0650572,-0.0282649,0.244717,35,0,0
0.00500931,0.00192564,0.00302251,-0.0543124,-0.0472816,0.236348,35,0,0
0.00366114,0.00100755,0.0029444,-0.0383786,-0.0455137,0.221905,35,0,0
0.00358681,0.000928763,0.0030592,-0.0168181,-0.0187912,0.208418,35,0,0
0.00342237,0.000351948,0.00302402,-0.000273545,0.0205218,0.2005,35,0,0
0.00338792,0.00027054,0.00307057,0.00884598,0.0618885,0.202247,35,0,0
0.00443583,-8.09141e-05,0.00218557,0.00687731,0.0935729,0.211908,35,0,0
0.00493113,-4.64401e-05,0.0012424,0.000399021,0.109008,0.226592,35,0,0
0.00495268,4.12535e-05,0.00115177,-0.00807241,0.107139,0.243897,35,0,0
0.00516561,0.000107156,0.000385792,-0.0120409,0.0816625,0.257038,35,0,0
