0.000130234,0.000153276,-0.000166125,0.0448469,-0.0248523,0.19392,10,0,0
0.000130715,0.00013489,-0.000134444,0.0455265,-0.023825,0.193795,10,0,0
0.000131298,0.000134841,-0.000133954,0.0459787,-0.0245939,0.193189,10,0,0
0.000151048,0.000134449,-0.000115169,0.0441811,-0.0251668,0.192443,10,0,0
0.000150764,0.000134487,-0.000115585,0.0432965,-0.024724,0.191807,10,0,0
0.000101295,0.000389166,8.06094e-05,0.0449233,-0.0228672,0.189557,10,0,0
-0.000164211,0.000860157,0.000782831,0.0502996,-0.0116427,0.185652,10,0,0
-0.000202835,0.00128664,0.00120928,0.0563556,0.00626999,0.182738,10,0,0
-0.000192671,0.0012681,0.00123044,0.0592609,0.0273147,0.181432,10,0,0
-0.000222846,0.00162822,0.00180039,0.0613825,0.0509987,0.182567,10,0,0
-0.000150485,0.0019172,0.00238819,0.0608179,0.0744743,0.188749,10,0,0
7.89996e-05,0.00178578,0.0024156,0.0597829,0.0882248,0.200116,10,0,0
0.000301881,0.00159796,0.00251043,0.0561994,0.0936271,0.215108,10,0,0
0.000328509,0.00164768,0.00247516,0.0476007,0.0853912,0.229903,10,0,0
0.000494983,0.00153306,0.0022117,0.0375235,0.0655239,0.242136,10,0,0
0.000590062,0.00133089,0.00154683,0.0291341,0.0399183,0.249196,10,0,0
0.000563205,0.00139041,0.00150376,0.0276858,0.01361,0.250219,10,0,0
0.000526372,0.00129482,0.00112343,0.02882,-0.00998195,0.244097,10,0,0
0.00032453,0.00121822,0.000691731,0.0235664,-0.0289426,0.231377,10,0,0
0.000317118,0.00121431,0.000702046,0.0198558,-0.0308658,0.213532,10,0,0
0.000191445,0.00124331,0.000568747,0.0160097,-0.0175369,0.195959,10,0,0
0.000202048,0.00122238,0.000609126,0.0091899,0.00561598,0.184794,10,0,0
-1.27266e-05,0.00152317,0.000635917,0.00170949,0.0321183,0.180389,10,0,0
-1.69139e-05,0.00149778,0.000693209,-0.00388988,0.0569568,0.182589,10,0,0
-0.000129855,0.00201477,0.000794894,-0.00840014,0.0765437,0.190609,10,0,0
-0.00011304,0.00241506,0.000595646,-0.0216705,0.0845876,0.202518,10,0,0
-8.33978e-05,0.00243167,0.000528604,-0.0383323,0.0718657,0.215787,10,0,0
-4.65737e-05,0.0025027,0.000241856,-0.04971,0.0439458,0.226657,10,0,0
-0.000136474,0.00235817,-0.00034314,-0.0509209,0.00901728,0.23124,10,0,0
-0.000139368,0.00233999,-0.000451131,-0.0460979,-0.0229139,0.229891,10,0,0
-0.000265119,0.0019156,-0.000796917,-0.0375785,-0.0465976,0.225511,10,0,0
-0.000163317,0.00152989,-0.000913666,-0.0168106,-0.0520464,0.220137,10,0,0
-0.000134987,0.00155577,-0.000873665,0.00996244,-0.0359209,0.215716,10,0,0
-9.16093e-05,0.0015419,-0.000861162,0.0325025,-0.0100516,0.212495,10,0,0
-2.4609e-05,0.00146358,-0.000555761,0.0530842,0.0210257,0.211492,10,0,0
-2.63456e-05,0.0014853,-0.000494609,0.0651834,0.0519248,0.216419,10,0,0
-1.64099e-05,0.0015098,5.59331e-05,0.0684918,0.0796176,0.22896,10,0,0
-4.87291e-05,0.00150704,9.62742e-05,0.0603918,0.098102,0.245771,10,0,0
-6.55272e-06,0.00129541,0.000894413,0.0413758,0.0912236,0.262382,10,0,0
4.88527e-05,0.00134097,0.000823522,0.0198277,0.0640365,0.274662,10,0,0
0.000108857,0.00122859,0.00100023,0.0109226,0.0323034,0.276598,10,0,0
0.000116468,0.000964071,0.000876689,0.019581,0.000761567,0.26604,10,0,0
7.84292e-05,0.000982305,0.000860329,0.036823,-0.0224953,0.246275,10,0,0
7.98286e-05,0.000866006,0.000594645,0.0565927,-0.03212,0.223565,10,0,0
-0.000166859,0.000942881,0.000314734,0.0753722,-0.0263692,0.203372,10,0,0
-0.000310332,0.00101982,0.000618794,0.0838284,-0.0041277,0.189314,10,0,0
-0.000304485,0.000992757,0.000664132,0.0785501,0.0256424,0.183294,10,0,0
-0.000298508,0.000964691,0.00121245,0.0644306,0.0539968,0.184867,10,0,0
-7.75945e-05,0.000948813,0.00207879,0.0492776,0.0731965,0.192984,10,0,0
-2.89185e-05,0.000958628,0.00207521,0.0301316,0.0735003,0.202291,10,0,0
