-0.000321479,0.000320862,0.00926105,-0.00294743,0.0597229,0.282624,0,35,0
-0.000517456,0.000605953,0.0149244,-0.0029472,0.0597043,0.282636,0,35,0
-0.000524332,0.000602062,0.0149231,-0.00294743,0.0597229,0.282624,0,35,0
-0.000661447,0.000758448,0.0187382,-0.00293764,0.0597278,0.282615,0,35,0
-0.000666869,0.000770156,0.0189101,-0.002957,0.0596995,0.282645,0,35,0
-0.000666863,0.000773375,0.0189081,-0.0029576,0.0597142,0.282619,0,35,0
-0.000713362,0.000813312,0.0190385,-0.00294758,0.0597005,0.282622,0,35,0
-0.000721357,0.000830329,0.0192083,-0.00294763,0.0597278,0.282615,0,35,0
-0.000726643,0.000842166,0.0192054,-0.00293774,0.0596782,0.282621,0,35,0
-0.000689647,0.000855347,0.0192955,-0.00294701,0.0596994,0.282645,0,35,0
-0.000715787,0.000846827,0.0192956,-0.00291777,0.0596917,0.282617,0,35,0
-0.000736783,0.000836708,0.0194678,-0.00294703,0.059713,0.282641,0,35,0
-0.000694907,0.000832808,0.0194867,-0.0029478,0.0597191,0.28261,0,35,0
-0.000707209,0.000823619,0.0195066,-0.00293781,0.0597191,0.28261,0,35,0
-0.000700029,0.000823465,0.0195068,-0.00293701,0.0596994,0.282644,0,35,0
-0.000693584,0.000779199,0.0195594,-0.0029475,0.0596597,0.282634,0,35,0
-0.000693421,0.000765099,0.0195588,-0.00294681,0.0596945,0.282653,0,35,0
-0.000705793,0.000763992,0.019558,-0.00293756,0.0596869,0.282626,0,35,0
-0.000703822,0.000755137,0.0195589,-0.00294758,0.0597005,0.282622,0,35,0
-0.000722446,0.000754115,0.0195989,-0.00295735,0.0596821,0.282635,0,35,0
-0.000748894,0.00079186,0.0196494,-0.00295755,0.059687,0.282627,0,35,0
-0.000748883,0.000795206,0.0196474,-0.00295715,0.0596772,0.282644,0,35,0
-0.000740661,0.000833302,0.0196779,-0.00293721,0.0597043,0.282636,0,35,0
-0.000714429,0.000877257,0.0196848,-0.00295735,0.0596821,0.282635,0,35,0
-0.000725055,0.000865171,0.0196874,-0.00293759,0.0597005,0.282622,0,35,0
-0.000701872,0.000879436,0.0196951,-0.00292724,0.0597178,0.282632,0,35,0
-0.0006933,0.000902525,0.0196949,-0.00295793,0.0596832,0.282613,0,35,0
-0.000715947,0.000863169,0.0196966,-0.00294718,0.0596907,0.28264,0,35,0
-0.000715789,0.000845617,0.0196982,-0.00294698,0.0596858,0.282649,0,35,0
-0.000715758,0.000845302,0.0196882,-0.0029674,0.0597094,0.282628,0,35,0
-0.000715751,0.000848649,0.0196862,-0.00294758,0.0597005,0.282622,0,35,0
-0.000716819,0.000818249,0.0197065,-0.00294718,0.0596907,0.28264,0,35,0
-0.000705478,0.000797757,0.0197496,-0.00294758,0.0597005,0.282622,0,35,0
-0.000705472,0.000801118,0.0197475,-0.00293721,0.0597043,0.282636,0,35,0
-0.000688825,0.000777822,0.0197901,-0.00295758,0.0597006,0.282623,0,35,0
-0.00069907,0.000760921,0.0197784,-0.00294798,0.0597104,0.282605,0,35,0
-0.000680033,0.000805838,0.0197485,-0.00294718,0.0596907,0.28264,0,35,0
-0.00066722,0.000791441,0.0197483,-0.00296777,0.0597056,0.282614,0,35,0
-0.000714525,0.000799092,0.0197372,-0.0029674,0.0597094,0.282628,0,35,0
-0.000689763,0.000820105,0.0197173,-0.00293721,0.0597043,0.282636,0,35,0
-0.000689843,0.000828891,0.0197165,-0.00296757,0.0597006,0.282623,0,35,0
-0.000719018,0.000844034,0.0197272,-0.00295735,0.0596821,0.282635,0,35,0
-0.000713664,0.000836189,0.0197581,-0.00293739,0.0596955,0.282631,0,35,0
-0.000721126,0.000841209,0.0197663,-0.00292721,0.0597042,0.282636,0,35,0
-0.000721126,0.000841209,0.0197663,-0.00292721,0.0597042,0.282636,0,35,0
-0.000701376,0.000864319,0.0197165,-0.00292756,0.0596868,0.282626,0,35,0
-0.000704439,0.000836633,0.0197184,-0.00294718,0.0596907,0.28264,0,35,0
-0.000706409,0.000848911,0.0197154,-0.00292779,0.0597054,0.282613,0,35,0
-0.000705684,0.000818943,0.0197164,-0.00292779,0.0597054,0.282613,0,35,0
-0.000715351,0.000834093,0.0196881,-0.00294718,0.0596907,0.28264,0,35,0
