-0.00225429,0.00224035,-0.00814185,0.0478863,-0.0467541,0.210411,0,35,0
-0.00228019,0.00223711,-0.00813495,0.0466235,-0.045995,0.204692,0,35,0
-0.00279189,0.00288853,-0.0102443,0.0466235,-0.045995,0.204692,0,35,0
-0.00295019,0.00326664,-0.0103489,0.0483012,-0.0327676,0.197276,0,35,0
-0.00291526,0.00369367,-0.0102143,0.0518211,-0.00716839,0.190378,0,35,0
-0.00339228,0.00449827,-0.0105332,0.0499836,0.0536064,0.191356,0,35,0
-0.00418795,0.00351408,-0.0118577,0.0425012,0.0800534,0.204969,0,35,0
-0.00418795,0.00351408,-0.0118577,0.0425012,0.0800534,0.204969,0,35,0
-0.0042953,0.00142369,-0.0122029,0.0263235,0.0709986,0.241967,0,35,0
-0.00364917,-0.00211914,-0.0115012,0.0229414,0.0376684,0.25476,0,35,0
-0.00305039,-0.0039704,-0.0100503,0.0221742,0.00129271,0.261756,0,35,0
-0.00314347,-0.00436819,-0.00985523,0.022569,-0.0294394,0.258408,0,35,0
-0.00237883,-0.00457552,-0.00816524,0.0211817,-0.0459347,0.244411,0,35,0
-0.00240687,-0.00451619,-0.00819052,0.0219782,-0.0426288,0.225381,0,35,0
-0.00133924,-0.00218482,-0.00707967,0.0210919,-0.0171279,0.207745,0,35,0
-0.0011117,-2.47244e-05,-0.0076054,0.0190291,0.021513,0.198756,0,35,0
-0.00126013,0.0016039,-0.00893124,0.0120413,0.0587348,0.20232,0,35,0
-0.00130068,0.00195247,-0.00885509,0.00468141,0.0835597,0.217881,0,35,0
-0.00152716,0.00218368,-0.0102135,-0.00668944,0.0955141,0.243606,0,35,0
-0.00142566,0.00199064,-0.0102679,-0.0121067,0.0822089,0.26898,0,35,0
-0.00108072,-0.000289073,-0.0108403,-0.0115663,0.0515351,0.288838,0,35,0
-0.00108366,-0.00096214,-0.0108013,-0.0111377,0.011159,0.298803,0,35,0
-0.000584277,-0.00348791,-0.00955535,-0.0118098,-0.0289409,0.292553,0,35,0
-0.000109739,-0.00384337,-0.00667968,-0.0155584,-0.0483088,0.27089,0,35,0
0.000106278,-0.00238679,-0.00545127,-0.0201357,-0.0456601,0.240401,0,35,0
8.39033e-05,-0.00215521,-0.00554747,-0.021326,-0.0200023,0.211201,0,35,0
0.000331959,-0.000196032,-0.00550194,-0.0182698,0.0214552,0.19066,0,35,0
0.000374972,0.000200365,-0.0054989,-0.0191978,0.063752,0.181806,0,35,0
0.000649685,0.00230552,-0.00737412,-0.0259757,0.0987827,0.187947,0,35,0
0.00118597,0.00110207,-0.0105034,-0.0309641,0.111923,0.204657,0,35,0
0.00117827,0.00103149,-0.0105113,-0.0326247,0.103208,0.225335,0,35,0
0.00162433,-0.00130499,-0.0111795,-0.0283774,0.0763942,0.245009,0,35,0
0.00173852,-0.00210115,-0.0110414,-0.0211678,0.0367749,0.258169,0,35,0
0.00190196,-0.00545491,-0.0102736,-0.0131575,-0.00317421,0.259749,0,35,0
0.00128876,-0.0063928,-0.00758483,-0.00841171,-0.0307286,0.246792,0,35,0
0.000833551,-0.00449906,-0.00649148,-0.00493673,-0.0374408,0.224783,0,35,0
0.000855857,-0.00439386,-0.0065597,0.00256197,-0.0256091,0.201386,0,35,0
0.000742155,-0.00183554,-0.0071602,0.00784874,0.00696935,0.184611,0,35,0
0.000392433,0.00138753,-0.00945277,0.00870557,0.0432438,0.181896,0,35,0
-0.000204496,0.00245237,-0.0117902,-0.000377857,0.0724419,0.193727,0,35,0
-0.000299427,0.00263171,-0.0117487,-0.0090675,0.0809077,0.213203,0,35,0
-0.000770408,0.0012487,-0.0134546,-0.0163942,0.0676143,0.234257,0,35,0
-0.000715203,0.000539198,-0.0135038,-0.0117326,0.0345859,0.249044,0,35,0
-0.000336033,-0.00266799,-0.013659,0.00370394,0.000755621,0.253294,0,35,0
3.19543e-06,-0.00486917,-0.0117313,0.020137,-0.0221691,0.242772,0,35,0
-4.8268e-05,-0.00501057,-0.01167,0.0337959,-0.0260668,0.221453,0,35,0
0.000136266,-0.00423314,-0.00959983,0.0453178,-0.00941945,0.197657,0,35,0
-5.81327e-05,-0.000856621,-0.00876684,0.0565472,0.0270288,0.182638,0,35,0
-3.06964e-06,-0.000395123,-0.00879863,0.0554718,0.0636553,0.180004,0,35,0
-0.0013565,0.000885466,-0.0100077,0.0423766,0.0908417,0.190071,0,35,0
