-0.00400971,-0.00363759,0.00978774,0.0512246,-0.0443974,0.17369,0,35,0
-0.0040002,-0.00362495,0.0097961,0.0504179,-0.0451965,0.173164,0,35,0
-0.00576937,-0.00566975,0.0146697,0.049228,-0.0413468,0.171276,0,35,0
-0.00583906,-0.00605938,0.0144878,0.0499644,-0.0264734,0.166947,0,35,0
-0.00700383,-0.00726003,0.0156344,0.0557076,0.000327023,0.163385,0,35,0
-0.00739785,-0.00820825,0.0149703,0.0588293,0.0359709,0.163344,0,35,0
-0.00599032,-0.0100105,0.0152738,0.0498062,0.068794,0.16924,0,35,0
-0.00525192,-0.0102312,0.0153996,0.0316696,0.0687185,0.17954,0,35,0
-0.0011523,-0.00933216,0.0165373,0.0173223,0.0311914,0.186106,0,35,0
-0.00144305,-0.00809714,0.0171518,0.0176976,-0.00706209,0.187671,0,35,0
0.0026939,-0.00625667,0.0166213,0.0230659,-0.0306867,0.185484,0,35,0
0.00240797,-0.00662652,0.0165218,0.0271223,-0.0184764,0.17788,0,35,0
0.00444062,-0.00652485,0.01614,0.024302,0.0213671,0.170569,0,35,0
0.00267383,-0.00604441,0.0157722,0.0145714,0.0562578,0.168996,0,35,0
0.00320925,-0.00669196,0.0154055,-0.00143519,0.0761418,0.174367,0,35,0
0.00323207,-0.00610804,0.0170131,-0.0150735,0.0627738,0.181977,0,35,0
0.00441115,-0.00418399,0.0171474,-0.0167836,0.0230595,0.185417,0,35,0
0.00422353,-0.00292378,0.0174519,-0.012488,-0.0178301,0.184962,0,35,0
0.00593398,-0.00131982,0.017055,-0.00737483,-0.0370079,0.179535,0,35,0
0.00609361,-0.000616686,0.0173205,-0.00230392,-0.0218703,0.170927,0,35,0
0.00417059,-0.000577897,0.0170388,-0.00280741,0.0136955,0.166847,0,35,0
0.00405256,-0.00167883,0.0169933,-0.00941788,0.0513391,0.169122,0,35,0
0.00218895,-0.00266183,0.0181499,-0.0289505,0.0762053,0.1765,0,35,0
0.00222199,-0.00250639,0.0203954,-0.0466412,0.0625276,0.18353,0,35,0
0.00246992,-0.000999853,0.0204981,-0.0541632,0.0276547,0.189952,0,35,0
0.00343851,0.000694829,0.0193036,-0.0494998,-0.0104913,0.195718,0,35,0
0.00510891,0.00245137,0.0181887,-0.0348436,-0.03888,0.200284,0,35,0
0.00526579,0.00362931,0.0168243,-0.00829426,-0.0485376,0.199674,0,35,0
0.00334795,0.00368579,0.0146823,0.0170912,-0.0351162,0.193734,0,35,0
0.00275983,0.00299075,0.0149597,0.0355995,-0.00759096,0.188763,0,35,0
-0.000336587,0.00184676,0.0138214,0.0359921,0.0299659,0.192549,0,35,0
-0.00343334,-0.00143926,0.0145161,0.0236217,0.0639904,0.205982,0,35,0
-0.00289662,-0.00161722,0.0146164,0.00451801,0.0753921,0.224622,0,35,0
-0.00172367,-0.00279523,0.0143284,-0.012964,0.0608944,0.243402,0,35,0
-0.00171392,-0.00199685,0.0144612,-0.0128854,0.0338414,0.255401,0,35,0
0.000861719,-0.00260412,0.01287,0.000261496,0.00760382,0.252956,0,35,0
0.00283556,-0.00155061,0.0108709,0.0159646,-0.0135813,0.238179,0,35,0
0.00255,-0.00134064,0.0109691,0.0303612,-0.0259025,0.217181,0,35,0
0.00230903,-0.000495584,0.00948734,0.0454844,-0.0193901,0.19681,0,35,0
0.000849619,-0.000525668,0.00891188,0.0553677,0.00714852,0.184643,0,35,0
0.000816652,-0.000919661,0.00888222,0.0553468,0.0396241,0.184631,0,35,0
-0.000602114,-0.002223,0.0095803,0.0431883,0.0614249,0.196158,0,35,0
0.000108496,-0.00442834,0.0112006,0.0189773,0.0567076,0.213613,0,35,0
0.00065399,-0.00386077,0.0113904,-0.00208436,0.0269127,0.227386,0,35,0
0.00173918,-0.00382386,0.0121302,-0.00811421,-0.0106758,0.228817,0,35,0
0.00267906,-0.00308104,0.0122887,0.00343971,-0.0340585,0.21553,0,35,0
0.00235974,-0.00306473,0.0123595,0.0205916,-0.0425615,0.193619,0,35,0
0.00209404,-0.0020826,0.0118209,0.0392956,-0.0318461,0.171166,0,35,0
-0.000852883,-0.00153833,0.0116905,0.0494821,0.00632457,0.158478,0,35,0
-0.000682049,-0.00210995,0.0116111,0.0422307,0.0450999,0.164977,0,35,0
