-0.000223505,0.000286597,0.00572159,-0.0031133,0.0596366,0.282607,0,10,0
-0.000222474,0.000265604,0.00572286,-0.0031035,0.0596415,0.282598,0,10,0
-0.000224052,0.000268158,0.00572257,-0.00310384,0.0596241,0.282588,0,10,0
-0.000242285,0.000256726,0.0057425,-0.00311327,0.059623,0.282611,0,10,0
-0.000236889,0.000228321,0.00574398,-0.00312322,0.0595958,0.282619,0,10,0
-0.000241584,0.000227075,0.00575345,-0.00311288,0.0596131,0.282628,0,10,0
-0.000240626,0.000231263,0.00575362,-0.00310336,0.0595733,0.282617,0,10,0
-0.000242945,0.000257724,0.00577245,-0.00310328,0.0596229,0.282611,0,10,0
-0.000245632,0.000300241,0.00580147,-0.00309362,0.0596055,0.282601,0,10,0
-0.000244058,0.000300235,0.00580152,-0.00310308,0.059618,0.282619,0,10,0
-0.000245078,0.000301175,0.00580088,-0.00310401,0.0596154,0.282583,0,10,0
-0.000245102,0.000303759,0.00580062,-0.00310381,0.0596105,0.282592,0,10,0
-0.000262182,0.000307409,0.00581148,-0.00310325,0.0596093,0.282615,0,10,0
-0.00026535,0.000310994,0.00581049,-0.00309379,0.0595968,0.282596,0,10,0
-0.000260076,0.000288088,0.00580156,-0.00311325,0.0596094,0.282615,0,10,0
-0.000264035,0.000302004,0.00579121,-0.00310396,0.0595881,0.282591,0,10,0
-0.000261713,0.000290016,0.00581186,-0.00311387,0.0596378,0.282585,0,10,0
-0.000274,0.00030016,0.00579082,-0.00309339,0.0595869,0.282613,0,10,0
-0.00027346,0.000299128,0.00579147,-0.00310325,0.0596093,0.282615,0,10,0
-0.000264106,0.000280798,0.00580145,-0.00310339,0.059587,0.282613,0,10,0
-0.000266129,0.000278128,0.00580166,-0.00309367,0.0596328,0.282593,0,10,0
-0.000241373,0.000280542,0.00578164,-0.00311381,0.0596105,0.282592,0,10,0
-0.000242942,0.000280548,0.00578159,-0.00310379,0.0595968,0.282596,0,10,0
-0.000242479,0.000262164,0.0057826,-0.00310379,0.0595968,0.282596,0,10,0
-0.000238842,0.000261476,0.00581234,-0.00312358,0.059592,0.282605,0,10,0
-0.000223013,0.000276828,0.00581212,-0.00310328,0.0596229,0.282611,0,10,0
-0.000218772,0.000299065,0.00580137,-0.00311361,0.0596056,0.282601,0,10,0
-0.000225638,0.000301711,0.00580091,-0.00310384,0.0596241,0.282588,0,10,0
-0.000219572,0.000329977,0.00581139,-0.00312341,0.0596007,0.28261,0,10,0
-0.000222551,0.000330339,0.00576009,-0.00310322,0.0595957,0.282618,0,10,0
-0.000224653,0.000329416,0.00576064,-0.00311361,0.0596056,0.282601,0,10,0
-0.000223289,0.000319991,0.00575041,-0.00310345,0.0596142,0.282606,0,10,0
-0.000225861,0.000437687,0.00578746,-0.00311344,0.0596143,0.282606,0,10,0
-0.000225363,0.000440218,0.00578717,-0.00311342,0.0596007,0.28261,0,10,0
-0.000226461,0.000429271,0.00572685,-0.00310362,0.0596056,0.282601,0,10,0
-0.000225323,0.000403094,0.00574849,-0.00310317,0.0595684,0.282626,0,10,0
-0.000204287,0.000400757,0.00575789,-0.00311322,0.0595957,0.282619,0,10,0
-0.000202759,0.000401388,0.00575889,-0.00311361,0.0596056,0.282601,0,10,0
-0.000202179,0.00037917,0.00573921,-0.00312344,0.0596143,0.282606,0,10,0
-0.000198801,0.000179372,0.00574558,-0.00311364,0.0596192,0.282597,0,10,0
-0.000200647,0.000190669,0.00575462,-0.00309384,0.059624,0.282588,0,10,0
-0.00019908,0.000189681,0.00575526,-0.00312364,0.0596193,0.282598,0,10,0
-0.000197277,0.000159108,0.00573624,-0.00310404,0.059629,0.28258,0,10,0
-0.00020187,0.000219055,0.00573424,-0.00310364,0.0596192,0.282597,0,10,0
-0.000201314,0.000219016,0.00573427,-0.00310345,0.0596142,0.282606,0,10,0
-0.000201735,0.000238357,0.00571364,-0.00309325,0.0596093,0.282614,0,10,0
-0.000204057,0.000246816,0.00571289,-0.00309342,0.0596006,0.282609,0,10,0
-0.000203754,0.000255795,0.0057132,-0.00309322,0.0595956,0.282618,0,10,0
-0.000202226,0.000258337,0.005713,-0.00309365,0.0596191,0.282597,0,10,0
-0.000204883,0.000238683,0.00572356,-0.00309345,0.0596142,0.282606,0,10,0
