0.000330402,-2.29303e-06,1.01517e-05,0.0490977,-0.0428541,0.177175,0,10,0
0.000154974,-1.84782e-06,0.000165431,0.0490977,-0.0428541,0.177175,0,10,0
0.000155565,-1.87823e-06,0.000164886,0.0473935,-0.0432516,0.176541,0,10,0
0.000134248,-2.16993e-05,0.000125273,0.0464127,-0.0429057,0.17563,0,10,0
0.00013304,-4.1961e-05,9.503e-05,0.0460503,-0.0409712,0.174221,0,10,0
0.000132434,-4.37826e-05,9.50714e-05,0.0473327,-0.0297598,0.17284,0,10,0
-0.00015949,-0.000281463,0.000565408,0.0524897,-0.000294286,0.173934,0,10,0
-0.000170822,-0.00029843,0.000553325,0.0561587,0.0289775,0.177218,0,10,0
-0.000219609,-0.00119524,0.00246987,0.0547985,0.0492347,0.183271,0,10,0
0.000403146,-0.00214498,0.00392171,0.0537004,0.0707276,0.193771,0,10,0
0.000809492,-0.00259578,0.00458754,0.0544785,0.0840556,0.209322,0,10,0
0.000919577,-0.0024835,0.00462898,0.0500066,0.077136,0.228483,0,10,0
0.00165985,-0.002188,0.00458796,0.0423646,0.0494143,0.243902,0,10,0
0.00218178,-0.00138808,0.00342684,0.0306092,0.0157079,0.247655,0,10,0
0.00178103,-0.0008689,0.00293535,0.0261112,-0.0133075,0.239146,0,10,0
0.00172298,-0.000793071,0.00299082,0.0233136,-0.0305977,0.223665,0,10,0
0.00112125,-0.000506951,0.00279398,0.0165566,-0.0322959,0.205805,0,10,0
3.5812e-05,-0.000401025,0.00324903,0.00972955,-0.0139174,0.189623,0,10,0
-9.14584e-06,-0.000475566,0.00323942,0.002786,0.014923,0.179036,0,10,0
-0.000546356,-0.000640864,0.00398689,-0.00646422,0.0473811,0.174664,0,10,0
-0.000336233,-0.000927285,0.00530346,-0.0189564,0.0737933,0.177974,0,10,0
0.000347266,-0.000946951,0.00569095,-0.0353093,0.0826356,0.18822,0,10,0
0.000453278,-0.000835143,0.00570141,-0.0515611,0.071518,0.20319,0,10,0
0.00128368,-0.000326851,0.00573799,-0.0596244,0.042965,0.218429,0,10,0
0.00125231,1.06695e-05,0.00575387,-0.0606877,0.00309078,0.227504,0,10,0
0.00207614,0.000695141,0.00501184,-0.061933,-0.0316726,0.225437,0,10,0
0.00154618,0.00110043,0.00381824,-0.0585735,-0.0525431,0.213312,0,10,0
0.00143859,0.00110548,0.00385869,-0.0464635,-0.0561841,0.197618,0,10,0
0.000406305,0.00111285,0.00349905,-0.0306622,-0.0411149,0.184539,0,10,0
-0.00114455,0.000935596,0.00380588,-0.0168101,-0.00791093,0.178956,0,10,0
-0.00161473,0.000583821,0.00456566,-0.00664,0.0308259,0.185704,0,10,0
-0.00159474,0.000323431,0.00459908,0.000724349,0.0674973,0.203067,0,10,0
-0.00115738,-0.000220961,0.00514615,-0.00251531,0.0901581,0.224906,0,10,0
-0.000308527,-0.00038999,0.00513228,-0.00494983,0.0868083,0.246684,0,10,0
0.000480098,-0.000279966,0.00482144,0.00410278,0.060743,0.264994,0,10,0
0.000394781,6.79654e-05,0.00483645,0.0220857,0.0239523,0.271631,0,10,0
0.000953712,7.42151e-05,0.00426569,0.0387788,-0.00228514,0.259249,0,10,0
0.00100621,-1.97995e-05,0.00290344,0.0631941,-0.0160622,0.235625,0,10,0
0.000908498,-4.39334e-05,0.00293521,0.0863859,-0.0140967,0.20924,0,10,0
0.000438013,-0.000350222,0.0025051,0.0938922,0.000557891,0.186581,0,10,0
0.000499984,-0.000383928,0.00248817,0.0765241,0.0135625,0.174575,0,10,0
-5.4978e-05,-0.00122262,0.00265223,0.0451741,0.0256754,0.174058,0,10,0
3.11327e-05,-0.00121048,0.00265836,0.0108806,0.0312904,0.178855,0,10,0
0.000215048,-0.00198227,0.00375183,-0.0218754,0.0292501,0.183972,0,10,0
0.000850101,-0.00166211,0.00498778,-0.0482646,0.0227721,0.190428,0,10,0
0.000898414,-0.00148565,0.00503499,-0.052609,0.00766288,0.200015,0,10,0
0.000881727,-0.000679614,0.00563229,-0.0197498,-0.00783692,0.207151,0,10,0
0.000699244,-0.000694287,0.00565691,0.0195131,-0.0218908,0.209033,0,10,0
0.00044831,0.000127841,0.00594037,0.0497112,-0.0383335,0.203927,0,10,0
-0.000256284,0.000521808,0.00537514,0.0630409,-0.0458942,0.193951,0,10,0
