0.000131225,-0.000938444,-0.000399734,0.0413719,-0.0457042,0.199726,0,0,35
-9.1895e-05,-0.0020171,-0.00134347,0.0469375,-0.0437512,0.196307,0,0,35
-0.00010565,-0.00379504,-0.00310818,0.0535107,-0.0261457,0.191109,0,0,35
-5.69376e-05,-0.00360869,-0.00332443,0.052878,0.00856595,0.18696,0,0,35
1.97925e-05,-0.00450405,-0.00476394,0.0523773,0.0435198,0.192225,0,0,35
0.00013526,-0.00564745,-0.00592167,0.0515748,0.0605687,0.207971,0,0,35
0.000281757,-0.00636451,-0.00493039,0.0473449,0.0545766,0.231434,0,0,35
0.000158824,-0.00660445,-0.00461068,0.0433244,0.022779,0.252212,0,0,35
-2.41945e-05,-0.00701818,-0.00217219,0.039673,-0.020493,0.26247,0,0,35
-0.000335544,-0.0071054,-0.00183555,0.0376458,-0.0488532,0.255775,0,0,35
-1.88829e-05,-0.00644042,0.00112009,0.0372074,-0.0527138,0.235289,0,0,35
0.000161063,-0.00547472,0.00214946,0.0383315,-0.0265806,0.213023,0,0,35
0.000298897,-0.00561306,0.00173591,0.0316654,0.0197106,0.199832,0,0,35
0.000435036,-0.00457266,0.000890963,0.0224353,0.0639933,0.201427,0,0,35
0.00037035,-0.00420364,-0.00064775,0.0101217,0.0858484,0.215622,0,0,35
0.000379048,-0.00420189,-0.000651315,-0.000718069,0.0820464,0.238233,0,0,35
0.000196488,-0.00471804,-0.000797573,-0.00823614,0.0518274,0.259527,0,0,35
0.000156365,-0.00467634,0.00100755,-0.0110565,0.006202,0.27062,0,0,35
4.07526e-06,-0.00459865,0.00132601,-0.0113592,-0.0317683,0.268265,0,0,35
-7.70288e-05,-0.00436044,0.00251737,-0.00888745,-0.0444342,0.252342,0,0,35
-5.68758e-05,-0.00391495,0.00359397,-0.00652566,-0.0335002,0.22863,0,0,35
-4.51463e-05,-0.00410553,0.00337435,-0.00743817,0.00208737,0.207759,0,0,35
3.41652e-05,-0.00353398,0.00219314,-0.0139467,0.0469317,0.197366,0,0,35
0.000196202,-0.00345849,-0.000687245,-0.0253818,0.0809883,0.197037,0,0,35
0.00023963,-0.00344154,-0.000757223,-0.0393538,0.0889417,0.20483,0,0,35
0.000332405,-0.00421474,-0.00163002,-0.0548354,0.0636601,0.21482,0,0,35
0.000252616,-0.00431439,-0.00136034,-0.0573457,0.0284664,0.224454,0,0,35
0.000229934,-0.00466957,0.000505165,-0.0340913,0.0113396,0.227594,0,0,35
0.00031088,-0.00467124,0.000443263,0.00562252,0.0171218,0.22301,0,0,35
-2.42421e-05,-0.00479856,0.00244778,0.0490686,0.0274126,0.216323,0,0,35
-0.000328927,-0.00496325,0.00361301,0.0808232,0.0243135,0.213082,0,0,35
-0.000366474,-0.0048518,0.00375788,0.0861407,0.00702619,0.214169,0,0,35
-0.000332238,-0.00450178,0.00356499,0.0607047,-0.0178804,0.21769,0,0,35
2.21922e-05,-0.00529285,0.00213076,0.0205836,-0.0360524,0.219502,0,0,35
-2.26887e-05,-0.005303,0.00210461,-0.0133867,-0.0326726,0.216133,0,0,35
8.96467e-05,-0.0057275,0.00101319,-0.0279968,-0.00166317,0.20892,0,0,35
7.46893e-05,-0.00570429,-0.000490409,-0.0299904,0.035214,0.202754,0,0,35
0.000217661,-0.00555999,-0.00169918,-0.0169339,0.0611125,0.19717,0,0,35
0.000297456,-0.00557723,-0.00162933,0.00730472,0.0592331,0.190563,0,0,35
0.000193116,-0.00591877,-0.00160898,0.0255783,0.0311704,0.187822,0,0,35
-0.000137818,-0.00604877,9.51307e-05,0.0321035,-0.0015231,0.194885,0,0,35
-0.000198253,-0.00603635,0.000374755,0.0109599,-0.0255193,0.207145,0,0,35
-1.53033e-05,-0.0061158,0.00215154,-0.0195417,-0.0373697,0.217447,0,0,35
-5.57796e-05,-0.00613113,0.00210517,-0.0336159,-0.0319041,0.220976,0,0,35
-2.63753e-05,-0.00697671,0.00339263,-0.0296642,-0.0179046,0.217909,0,0,35
0.000132253,-0.00690187,0.00222209,-0.013671,0.00957237,0.213602,0,0,35
0.000708978,-0.00675097,0.000126008,-0.000530014,0.0466469,0.217474,0,0,35
0.00108028,-0.00663252,-0.00189612,-0.00636404,0.0607372,0.227106,0,0,35
0.00108063,-0.00630678,-0.00242167,-0.0191945,0.0390775,0.234952,0,0,35
0.00089316,-0.00651199,-0.00189454,-0.0257307,-0.00278781,0.237692,0,0,35
