-4.79777e-05,0.00109596,-0.000104891,-0.00312198,0.0594447,0.282698,0,0,10
-7.02073e-05,0.00199577,-0.000113172,-0.00310169,0.0594757,0.282703,0,0,10
-7.0893e-05,0.00199553,-0.000113469,-0.00313155,0.0594349,0.282715,0,0,10
-7.53733e-05,0.00296471,-0.000152909,-0.00312214,0.0594993,0.282682,0,0,10
7.742e-05,0.00327926,-0.000143197,-0.00311202,0.0594583,0.282694,0,0,10
7.9144e-05,0.00316813,-0.000170247,-0.00312189,0.0594807,0.282695,0,0,10
8.02637e-05,0.0031681,-0.000170236,-0.00311186,0.059467,0.282698,0,0,10
7.90054e-05,0.0032079,-0.000180046,-0.00311186,0.059467,0.282698,0,0,10
7.90188e-05,0.00320792,-0.000182413,-0.00312181,0.0594534,0.282702,0,0,10
7.86085e-05,0.00319553,-0.00025118,-0.00312198,0.0594447,0.282698,0,0,10
-8.18221e-05,0.00320179,-0.000251226,-0.00312144,0.0594572,0.282716,0,0,10
-8.00896e-05,0.00320167,-0.00025039,-0.00310202,0.0594583,0.282693,0,0,10
-6.02681e-05,0.00318312,-0.000219729,-0.00310145,0.0594571,0.282716,0,0,10
9.97571e-05,0.00315834,-0.000189365,-0.00311194,0.0594311,0.282701,0,0,10
0.000100245,0.00317896,-0.000169878,-0.00308158,0.0594347,0.282714,0,0,10
9.86338e-05,0.00317916,-0.000170898,-0.00311198,0.0594447,0.282697,0,0,10
9.88601e-05,0.00319967,-0.000139751,-0.00311223,0.0594633,0.282685,0,0,10
7.89617e-05,0.00321901,-0.000151295,-0.00310198,0.0594446,0.282697,0,0,10
7.84603e-05,0.00321934,-0.000150804,-0.00311182,0.0594534,0.282702,0,0,10
-8.2313e-05,0.00322489,-0.000142485,-0.00312198,0.0594447,0.282698,0,0,10
-8.17821e-05,0.00322505,-0.00014108,-0.00310244,0.0594682,0.282676,0,0,10
-8.53483e-05,0.00332955,4.1905e-06,-0.00311219,0.0594496,0.282689,0,0,10
7.5998e-05,0.00331762,-0.000192032,-0.00311248,0.0594818,0.282672,0,0,10
7.65242e-05,0.00328638,-0.000224036,-0.00311202,0.0594583,0.282694,0,0,10
7.68087e-05,0.00328639,-0.000224008,-0.0031126,0.0594595,0.282671,0,0,10
7.7332e-05,0.00325665,-0.000233435,-0.00312219,0.0594497,0.282689,0,0,10
7.73519e-05,0.00325663,-0.000231081,-0.00311206,0.059472,0.28269,0,0,10
0.000230771,0.00315067,-0.00020911,-0.00309199,0.0594446,0.282697,0,0,10
0.00023081,0.0031508,-0.000207825,-0.00310244,0.0594682,0.282676,0,0,10
0.000229314,0.00317731,5.764e-09,-0.00309219,0.0594495,0.282688,0,0,10
0.000229459,0.00317759,4.40431e-07,-0.00311182,0.0594534,0.282702,0,0,10
0.000229039,0.00318947,6.0079e-05,-0.00311198,0.0594447,0.282697,0,0,10
0.000228597,0.003188,2.0955e-05,-0.00311243,0.0594682,0.282676,0,0,10
8.06615e-05,0.0031697,-0.000129674,-0.00310182,0.0594534,0.282702,0,0,10
-5.96388e-05,0.0031646,-0.000180021,-0.00310219,0.0594496,0.282688,0,0,10
-6.01665e-05,0.00316457,-0.000180001,-0.00310178,0.0594397,0.282706,0,0,10
-3.82161e-05,0.00312388,-0.000218675,-0.00310281,0.0594644,0.282662,0,0,10
-3.77681e-05,0.0030994,-0.000366547,-0.00309223,0.0594632,0.282684,0,0,10
-3.80851e-05,0.00309902,-0.000367047,-0.00311223,0.0594633,0.282685,0,0,10
-3.8707e-05,0.003099,-0.000367036,-0.00312185,0.0594671,0.282699,0,0,10
-5.78776e-05,0.00308915,-0.000346793,-0.00310182,0.0594534,0.282702,0,0,10
-5.73231e-05,0.0030893,-0.00034767,-0.00310202,0.0594583,0.282693,0,0,10
-9.96065e-05,0.00311911,-0.000309205,-0.00311223,0.0594633,0.282685,0,0,10
-9.94709e-05,0.00314454,-0.000149499,-0.00310202,0.0594583,0.282693,0,0,10
-9.97108e-05,0.00314432,-0.00014861,-0.00311223,0.0594633,0.282685,0,0,10
-9.91247e-05,0.00314376,-0.000170877,-0.00310219,0.0594496,0.282688,0,0,10
-7.94501e-05,0.00314473,-0.000159443,-0.00310219,0.0594496,0.282688,0,0,10
-8.07313e-05,0.00316418,-0.000169165,-0.00311202,0.0594583,0.282694,0,0,10
-8.04856e-05,0.00316405,-0.000170591,-0.00310219,0.0594496,0.282688,0,0,10
-7.97334e-05,0.00313536,-0.000148571,-0.00312227,0.059477,0.282681,0,0,10
