1.20865e-05,-2.5483e-06,-0.000199804,0.0533857,-0.0424284,0.175906,0,0,10
1.19467e-05,-3.28277e-06,-0.000229823,0.0524847,-0.0423682,0.175796,0,0,10
1.22622e-05,-3.26697e-06,-0.000229781,0.0515414,-0.041492,0.174268,0,0,10
-1.83098e-05,-1.45441e-06,-0.000110249,0.0530107,-0.0343945,0.171698,0,0,10
-1.78211e-05,1.04463e-06,-0.000110346,0.0549748,-0.0178728,0.168545,0,0,10
0.00093335,-0.000165916,0.000707068,0.0578029,0.00557441,0.166595,0,0,10
0.00205028,-0.00029792,0.001272,0.0617823,0.0354335,0.168025,0,0,10
0.00204261,-0.000319519,0.00127867,0.0619102,0.0605846,0.174802,0,0,10
0.00289708,-0.000256451,0.00125152,0.0535306,0.0710267,0.187829,0,0,10
0.00292586,-0.000214662,0.0011909,0.0394447,0.054214,0.203717,0,0,10
0.00345931,0.00020013,0.000101884,0.02286,0.0182737,0.217026,0,0,10
0.00287843,0.000494671,-0.00134609,0.0116465,-0.0222623,0.220456,0,0,10
0.00254807,0.000437812,-0.00176144,0.0103694,-0.0483984,0.211795,0,0,10
0.00261631,0.000434294,-0.0016594,0.0182468,-0.0470804,0.196011,0,0,10
0.00227783,0.00044425,-0.00132665,0.0254216,-0.0189853,0.181783,0,0,10
0.00229115,0.000510876,-0.00127957,0.0216278,0.0193277,0.175491,0,0,10
0.00210417,0.000180121,6.92161e-05,0.0122516,0.0558208,0.179685,0,0,10
0.00252293,4.47917e-05,0.000555518,0.000283649,0.0744196,0.193517,0,0,10
0.00277262,0.000149532,0.000265869,-0.014586,0.0599981,0.2114,0,0,10
0.00264308,0.000235834,-0.000492327,-0.0317652,0.0228257,0.225973,0,0,10
0.00263765,0.000229539,-0.000522326,-0.0376464,-0.0176372,0.22818,0,0,10
0.00260725,0.000214189,-0.00114807,-0.034563,-0.0423433,0.217841,0,0,10
0.00236986,0.000223316,-0.00158687,-0.0281026,-0.0427941,0.201555,0,0,10
0.00240563,0.000280626,-0.00152321,-0.0250422,-0.0232536,0.186629,0,0,10
0.00202832,0.000268679,-0.00087495,-0.0306614,0.00980917,0.178488,0,0,10
0.00201274,0.000364335,-0.000875921,-0.043568,0.0410832,0.180475,0,0,10
0.00232968,0.000141668,0.000302561,-0.0629351,0.0380995,0.184837,0,0,10
0.00233431,0.000123362,0.000270047,-0.0596988,0.0213506,0.18685,0,0,10
0.00268638,9.28853e-05,0.000349284,-0.0160168,0.0141196,0.184302,0,0,10
0.0030123,2.95096e-06,-9.7998e-05,0.0294621,0.0120361,0.181109,0,0,10
0.00301389,-4.75505e-05,-1.00167e-05,0.0646888,0.00924358,0.17962,0,0,10
0.00336244,-1.48421e-05,-0.000389563,0.0833557,0.00452738,0.182204,0,0,10
0.00343397,6.17348e-05,-0.000669444,0.0736544,-0.0093918,0.185631,0,0,10
0.00330215,2.77775e-05,-0.000570745,0.0416174,-0.0246332,0.188302,0,0,10
0.00326954,-6.70204e-05,-0.000732747,0.00895614,-0.0272616,0.1868,0,0,10
0.00348206,-8.95665e-05,-0.000225955,-0.00848232,-0.00857983,0.181225,0,0,10
0.00346337,-0.000118782,0.000380942,-0.0110255,0.0284314,0.176588,0,0,10
0.0034453,-0.000131308,0.000709679,-0.0152544,0.0678536,0.179798,0,0,10
0.00346246,-9.91981e-05,0.000628319,-0.025158,0.0890571,0.194679,0,0,10
0.00353977,1.00518e-05,0.000291911,-0.039544,0.0802626,0.216019,0,0,10
0.00285389,0.000118719,-0.000713244,-0.050567,0.0438066,0.234476,0,0,10
0.00238053,0.000132382,-0.0013429,-0.0494399,-0.00150249,0.239444,0,0,10
0.00243303,6.35945e-05,-0.00125023,-0.0292549,-0.0402202,0.225485,0,0,10
0.00218652,2.78264e-05,-0.00163264,-0.00209035,-0.0509838,0.203706,0,0,10
0.00175347,1.10125e-05,-0.00144611,0.0205493,-0.0388861,0.182198,0,0,10
0.00154778,-6.65099e-06,-0.000543648,0.0328698,-0.00716996,0.168368,0,0,10
0.00179706,-0.00010887,0.000535128,0.0356158,0.0306588,0.16708,0,0,10
0.00180545,-0.000128683,0.000500682,0.0286986,0.0510296,0.179004,0,0,10
0.00250886,-0.000131627,0.00100108,0.0168632,0.0367357,0.195744,0,0,10
0.00313549,9.56228e-05,0.000416961,0.0119438,0.00670733,0.20775,0,0,10
