0.00573427,-0.000546094,0.00454183,0.0752232,-0.0107887,0.160142,0,0,35
0.00565123,-0.000716424,0.00462165,0.0779385,0.00777832,0.159272,0,0,35
0.00796936,-0.00125775,0.00568647,0.0749357,0.0311886,0.160429,0,0,35
0.0105295,-0.0010977,0.00500237,0.0749357,0.0311886,0.160429,0,0,35
0.0107161,-0.000319266,0.0025486,0.0713716,0.0507054,0.163348,0,0,35
0.0107169,-6.50867e-05,0.00256181,0.0683909,0.0637544,0.168713,0,0,35
0.0103821,0.00112827,-0.000544625,0.0626042,0.0617241,0.177052,0,0,35
0.00943097,0.00175443,-0.00366364,0.0555625,0.0385224,0.184822,0,0,35
0.00860535,0.00154422,-0.00552064,0.0517488,0.00787041,0.187235,0,0,35
0.00802022,0.00117808,-0.00581464,0.0462799,-0.0191073,0.185122,0,0,35
0.00777127,0.000692514,-0.00426952,0.0392297,-0.0380451,0.185299,0,0,35
0.00775729,0.00049498,-0.00432311,0.031346,-0.0447592,0.189953,0,0,35
0.00772443,0.000159611,-0.0015638,0.0239629,-0.0354966,0.19384,0,0,35
0.00774125,0.000219568,-0.00147096,0.0235008,-0.0101908,0.190101,0,0,35
0.00817945,7.08722e-05,0.00267234,0.0266281,0.0218257,0.182689,0,0,35
0.00849962,0.00012808,0.00355445,0.0247812,0.0520247,0.178653,0,0,35
0.00827518,0.000286848,0.00148785,0.0179256,0.0715789,0.183947,0,0,35
0.00828276,0.000221185,0.00145668,0.0108268,0.0800725,0.199165,0,0,35
0.00763303,0.000554392,-0.00159137,0.00274846,0.0713193,0.221001,0,0,35
0.00632696,0.000405232,-0.00519887,-0.00830136,0.0471967,0.24067,0,0,35
0.0052088,-6.58687e-05,-0.00600257,-0.0128849,0.0141503,0.24897,0,0,35
0.0052485,-0.000203004,-0.00596319,-0.00982069,-0.0149748,0.244062,0,0,35
0.0043562,-0.000228613,-0.00509098,-0.00161462,-0.0345705,0.228871,0,0,35
0.00418144,-0.000209684,-0.00284115,0.00914491,-0.043943,0.209276,0,0,35
0.00455351,7.73415e-05,-0.000341744,0.0183822,-0.0304518,0.190595,0,0,35
0.00455336,0.000101093,-0.000330441,0.018752,-0.002069,0.180043,0,0,35
0.00539805,-1.12803e-05,0.00158127,0.00699295,0.027515,0.181242,0,0,35
0.00735208,-9.46767e-05,0.00177461,-0.013794,0.0434292,0.192487,0,0,35
0.00735996,-0.000126687,0.00173766,-0.0350832,0.03482,0.20671,0,0,35
0.0078376,-0.000114942,0.000196323,-0.050553,0.0105448,0.217141,0,0,35
0.0078336,-9.27899e-05,0.000344162,-0.038657,-0.0106995,0.219793,0,0,35
0.00801561,-3.37639e-05,-0.00102879,-0.00409014,-0.0152948,0.217542,0,0,35
0.00802824,-3.91966e-05,-0.000921152,0.0335105,-0.0104096,0.213865,0,0,35
0.00727909,0.000124518,-0.001352,0.0686611,-0.0081336,0.209358,0,0,35
0.00729224,0.000240286,-0.00126147,0.0866637,0.00242783,0.202199,0,0,35
0.00625494,0.000261231,1.00736e-05,0.0808885,0.0286984,0.194542,0,0,35
0.00625169,0.000301949,-0.000105797,0.05925,0.0557174,0.191179,0,0,35
0.00628785,0.000481595,0.000311023,0.0291039,0.0745107,0.191938,0,0,35
0.00574884,0.000867214,-0.00236635,-0.00906495,0.07678,0.198653,0,0,35
0.00562496,0.00085537,-0.00265142,-0.0393146,0.059935,0.209975,0,0,35
0.00483433,0.000543171,-0.00442989,-0.0536798,0.0259668,0.220626,0,0,35
0.00492988,0.000340905,-0.00434422,-0.0410361,-0.00250834,0.221498,0,0,35
0.00477585,0.000157587,-0.00512911,-0.00867967,-0.010106,0.211789,0,0,35
0.00494919,0.000416263,-0.00494723,0.0168821,0.00398912,0.199851,0,0,35
0.00495882,0.000389741,-0.00347604,0.0251896,0.0281323,0.194961,0,0,35
0.00610484,0.000266344,-0.00214326,0.0173042,0.0440327,0.201333,0,0,35
0.00599492,0.00023057,-0.00243686,0.0032124,0.0351444,0.216816,0,0,35
0.00640235,0.000335337,-0.0023087,0.00253348,0.0152911,0.231345,0,0,35
0.00643082,0.000355001,-0.00222381,0.0131903,0.00686289,0.237119,0,0,35
0.00648169,0.000319832,-0.00226904,0.0213032,0.00696006,0.235374,0,0,35
