-8.6055e-05,0.000211543,-0.000929295,0.0377173,-0.0312565,0.191114,0,10,0
-0.000471528,0.00053986,-0.00250765,0.0394411,-0.0318625,0.188295,0,10,0
-0.000463159,0.00055841,-0.00250483,0.041742,-0.0271123,0.185189,0,10,0
-0.000690413,0.000903632,-0.00357184,0.0466085,-0.00766585,0.18417,0,10,0
-0.00133098,0.00153923,-0.00537472,0.0438011,0.0192441,0.183954,0,10,0
-0.00147206,0.00169774,-0.00548117,0.0391975,0.0488145,0.188399,0,10,0
0.00126355,0.00129206,-0.00564273,1.0737,0.441786,0.672898,0,10,0
0.00140759,0.00174572,-0.00551826,1.0737,0.441786,0.672898,0,10,0
0.00140759,0.00174572,-0.00551826,1.0737,0.441786,0.672898,0,10,0
0.00144797,0.00257974,-0.00472516,1.0737,0.441786,0.672898,0,10,0
0.00132629,0.00300459,-0.00397534,1.0737,0.441786,0.672898,0,10,0
-0.000968192,-0.00159799,-0.00429578,0.0373249,-0.0312196,0.230098,0,10,0
-0.000996407,-0.00162565,-0.00427835,0.0377729,-0.0322245,0.210139,0,10,0
-0.000754931,-0.00151582,-0.00372218,0.0360825,-0.00710008,0.19174,0,10,0
-0.000775544,-0.00123585,-0.00382021,0.0273015,0.0352888,0.186232,0,10,0
0.000651892,0.00197364,-0.00274517,1.0737,0.441786,0.672898,0,10,0
0.000820678,0.0017313,-0.00364116,1.0737,0.441786,0.672898,0,10,0
0.000820678,0.0017313,-0.00364116,1.0737,0.441786,0.672898,0,10,0
0.000878114,0.00214198,-0.00379799,1.0737,0.441786,0.672898,0,10,0
0.000657898,0.00276852,-0.0034403,1.0737,0.441786,0.672898,0,10,0
-0.000756125,-0.00106447,-0.00426863,-0.0235983,-0.0307474,0.260305,0,10,0
-0.000492488,-0.00161823,-0.00394544,-0.0198822,-0.0461557,0.238785,0,10,0
-0.000514936,-0.00155539,-0.00396731,-0.0199039,-0.0365869,0.212466,0,10,0
6.13006e-05,-0.00135977,-0.00312349,-0.0184006,-0.00183131,0.191845,0,10,0
9.80183e-05,-0.00109802,-0.00322408,-0.0177271,0.0429498,0.187507,0,10,0
-0.000315225,0.00190801,-0.00217158,1.0737,0.441786,0.672898,0,10,0
-0.000429378,0.0018266,-0.00277652,1.0737,0.441786,0.672898,0,10,0
-0.000429378,0.0018266,-0.00277652,1.0737,0.441786,0.672898,0,10,0
-0.000492212,0.00218727,-0.00293881,1.0737,0.441786,0.672898,0,10,0
-0.000527185,0.00256998,-0.00276225,1.0737,0.441786,0.672898,0,10,0
-0.000527185,0.00256998,-0.00276225,1.0737,0.441786,0.672898,0,10,0
0.000600809,-0.00139706,-0.00349808,0.0261713,-0.0220273,0.244213,0,10,0
0.000517228,-0.00135044,-0.00271762,0.0423145,-0.00754227,0.224405,0,10,0
0.000576707,-0.00125159,-0.00275256,0.0548556,0.0211931,0.207742,0,10,0
-0.000258117,0.0017755,-0.00184869,1.0737,0.441786,0.672898,0,10,0
5.08593e-05,0.0014589,-0.00229492,1.0737,0.441786,0.672898,0,10,0
0.000453059,0.00156568,-0.00264829,1.0737,0.441786,0.672898,0,10,0
0.000453059,0.00156568,-0.00264829,1.0737,0.441786,0.672898,0,10,0
0.000823267,0.0018819,-0.00267658,1.0737,0.441786,0.672898,0,10,0
0.0010483,0.00225108,-0.00250016,1.0737,0.441786,0.672898,0,10,0
-0.00115036,-0.00150103,-0.00320603,0.0230783,-0.00742442,0.22122,0,10,0
-0.000974997,-0.00179882,-0.00315465,0.0341706,-0.0172645,0.209288,0,10,0
-0.000944497,-0.00176216,-0.0031841,0.0437635,-0.00808871,0.195312,0,10,0
-0.000643036,-0.00138396,-0.00331609,0.0479872,0.0209914,0.186601,0,10,0
-0.000521381,-0.000321092,-0.00368365,0.042183,0.0527522,0.187751,0,10,0
0.00065901,0.0020173,-0.00374384,1.0737,0.441786,0.672898,0,10,0
0.00065901,0.0020173,-0.00374384,1.0737,0.441786,0.672898,0,10,0
0.000931784,0.00219344,-0.00407898,1.0737,0.441786,0.672898,0,10,0
-0.00150533,-0.000424187,-0.00459101,-0.0239962,0.00682616,0.218488,0,10,0
-0.00147591,-0.000607397,-0.00457957,-0.0200244,-0.0180551,0.215626,0,10,0
