0.000729304,0.000157975,-0.000622861,0.0449182,-0.0333355,0.204289,10,0,0
0.000729304,0.000157975,-0.000622861,0.0449182,-0.0333355,0.204289,10,0,0
0.00105431,0.000230598,-0.000962624,0.0473951,-0.0307472,0.201275,10,0,0
0.00159637,0.000296486,-0.00147706,0.0517713,-0.0312502,0.196394,10,0,0
0.0015931,0.000303329,-0.00147924,0.0529865,-0.0301552,0.189172,10,0,0
0.00165259,0.000355596,-0.00167751,0.0537571,-0.0196989,0.181608,10,0,0
0.00164379,0.000422105,-0.00167055,0.0523594,0.00148799,0.17557,10,0,0
0.00187183,0.000531757,-0.00194446,0.0515407,0.0309074,0.176349,10,0,0
0.0018582,0.000689566,-0.00190791,0.0466661,0.0593885,0.188202,10,0,0
-0.00214436,0.000844032,-0.00198552,1.07383,0.441809,0.672703,10,0,0
-0.00214436,0.000844032,-0.00198552,1.07383,0.441809,0.672703,10,0,0
-0.00208052,0.000967867,-0.0018336,1.07383,0.441809,0.672703,10,0,0
-0.00178893,0.000992701,-0.00133934,1.07383,0.441809,0.672703,10,0,0
0.00173692,-0.000317426,-0.00169132,0.0408531,-0.0383807,0.25072,10,0,0
0.00148555,-0.000389459,-0.00135301,0.0393507,-0.0451313,0.230249,10,0,0
0.00121115,-2.93418e-05,-0.000842633,0.0395434,-0.0284782,0.207473,10,0,0
0.00121761,3.75336e-05,-0.00083303,0.0388672,0.0136717,0.194506,10,0,0
-0.00132807,0.000316089,-0.000802494,1.07383,0.441809,0.672703,10,0,0
-0.00132807,0.000316089,-0.000802494,1.07383,0.441809,0.672703,10,0,0
-0.0016114,0.00045261,-0.000958569,1.07383,0.441809,0.672703,10,0,0
-0.00172656,0.000461012,-0.000749865,1.07383,0.441809,0.672703,10,0,0
-0.00172656,0.000461012,-0.000749865,1.07383,0.441809,0.672703,10,0,0
0.00163071,-0.000235854,-0.000760346,-0.0078304,-0.0291954,0.255105,10,0,0
0.00163765,-0.00025173,-0.000740287,-0.00428334,-0.0437665,0.240152,10,0,0
0.00138894,-0.000212695,-0.000233434,-0.00403615,-0.032144,0.218541,10,0,0
0.00139188,-0.000183948,-0.000239353,-0.0055697,0.00570316,0.200986,10,0,0
0.00137339,-5.25833e-05,2.32453e-05,-0.00875684,0.049646,0.195553,10,0,0
-0.00166676,-2.86553e-05,0.000154586,1.07383,0.441809,0.672703,10,0,0
-0.00175527,-7.52716e-05,0.000224517,1.07383,0.441809,0.672703,10,0,0
-0.00175527,-7.52716e-05,0.000224517,1.07383,0.441809,0.672703,10,0,0
-0.00173476,-0.000117463,0.000250946,1.07383,0.441809,0.672703,10,0,0
-0.00148392,-0.000189494,0.000293085,1.07383,0.441809,0.672703,10,0,0
-0.00148392,-0.000189494,0.000293085,1.07383,0.441809,0.672703,10,0,0
0.00115739,-6.51193e-05,0.000339263,-0.0169574,-0.038891,0.252896,10,0,0
0.00091862,-9.70151e-05,0.000235495,-0.00784316,-0.0258432,0.222328,10,0,0
0.000917943,-9.42111e-05,0.000239771,0.00260836,0.00769654,0.198475,10,0,0
-0.00109468,6.46791e-05,0.000230306,1.07383,0.441809,0.672703,10,0,0
-0.00154794,0.000246097,7.35136e-05,1.07383,0.441809,0.672703,10,0,0
-0.00154794,0.000246097,7.35136e-05,1.07383,0.441809,0.672703,10,0,0
-0.00172091,0.000197422,-4.77453e-05,1.07383,0.441809,0.672703,10,0,0
-0.00172091,0.000197422,-4.77453e-05,1.07383,0.441809,0.672703,10,0,0
0.00176231,-3.43288e-05,-0.000125198,-0.00246299,-0.0150703,0.238796,10,0,0
0.00153384,-5.24712e-05,-3.63282e-05,0.0145967,-0.0231821,0.219718,10,0,0
0.00143062,2.69969e-06,-5.93268e-05,0.025144,-0.0121006,0.198956,10,0,0
0.00143077,2.00676e-05,-5.34839e-05,0.0304511,0.0184405,0.185609,10,0,0
0.00158939,0.000105682,-0.000222771,0.0326592,0.0542596,0.186833,10,0,0
-0.0019323,0.000502421,-0.000569478,1.07383,0.441809,0.672703,10,0,0
-0.00203507,0.000716894,-0.000710984,1.07383,0.441809,0.672703,10,0,0
-0.00203507,0.000716894,-0.000710984,1.07383,0.441809,0.672703,10,0,0
0.00194167,-0.000131754,-0.00115707,-0.0230526,0.00427106,0.226552,10,0,0
