0.000141245,-0.00232492,-0.000362527,0.0379489,-0.00706171,0.195148,0,0,10
0.000128107,-0.00297629,-0.000492776,0.0394133,-0.00654874,0.19269,0,0,10
0.000154364,-0.0029771,-0.000481805,0.0398348,-0.00903517,0.189576,0,0,10
0.000185207,-0.00306272,-0.000439923,0.0409918,-0.0173655,0.184735,0,0,10
0.0001873,-0.00306718,-0.000406697,0.0451495,-0.0226623,0.179154,0,0,10
0.000174333,-0.00318025,-0.000575363,0.0515197,-0.0118376,0.174528,0,0,10
0.000241769,-0.00311255,-0.00085429,0.0503847,0.0367597,0.179024,0,0,10
3.5985e-05,0.00341426,0.000322997,1.07378,0.441234,0.673196,0,0,10
4.08983e-05,0.0035205,0.000523179,1.07378,0.441234,0.673196,0,0,10
1.03011e-05,0.00338433,0.000942774,1.07378,0.441234,0.673196,0,0,10
-1.93736e-05,0.00299882,0.00142876,1.07378,0.441234,0.673196,0,0,10
-2.9702e-05,0.00233474,0.00191628,1.07378,0.441234,0.673196,0,0,10
-2.9702e-05,0.00233474,0.00191628,1.07378,0.441234,0.673196,0,0,10
-6.12775e-05,0.00162514,0.00235508,1.07378,0.441234,0.673196,0,0,10
-6.12775e-05,0.00162514,0.00235508,1.07378,0.441234,0.673196,0,0,10
0.000147837,-0.00177914,0.00178743,0.0441254,-0.0277662,0.251437,0,0,10
1.75347e-05,0.000757605,0.00153512,1.07378,0.441234,0.673196,0,0,10
4.499e-06,0.000944398,0.000953901,1.07378,0.441234,0.673196,0,0,10
4.499e-06,0.000944398,0.000953901,1.07378,0.441234,0.673196,0,0,10
1.49053e-05,0.00121756,0.000511535,1.07378,0.441234,0.673196,0,0,10
1.49053e-05,0.00121756,0.000511535,1.07378,0.441234,0.673196,0,0,10
-4.87e-06,0.00132528,0.000509788,1.07378,0.441234,0.673196,0,0,10
-4.87e-06,0.00132528,0.000509788,1.07378,0.441234,0.673196,0,0,10
4.38622e-05,0.00104381,0.000915654,1.07378,0.441234,0.673196,0,0,10
-3.97597e-05,-0.00113513,0.00105389,-0.0340402,-0.0520103,0.259343,0,0,10
-4.91167e-05,-0.00113612,0.00105232,-0.0306832,-0.0537702,0.240439,0,0,10
-5.63243e-05,-0.00111161,0.00109093,-0.0185218,-0.0225531,0.22074,0,0,10
-4.27582e-05,-0.00120544,0.00098673,-0.0116366,0.0250799,0.213249,0,0,10
6.08096e-05,0.000794638,0.00081077,1.07378,0.441234,0.673196,0,0,10
-8.84842e-05,0.00139824,0.000346775,1.07378,0.441234,0.673196,0,0,10
-0.000104806,0.00163685,0.000479724,1.07378,0.441234,0.673196,0,0,10
-0.000104806,0.00163685,0.000479724,1.07378,0.441234,0.673196,0,0,10
-3.94113e-05,0.00152288,0.000723877,1.07378,0.441234,0.673196,0,0,10
-3.94113e-05,0.00152288,0.000723877,1.07378,0.441234,0.673196,0,0,10
9.05392e-05,0.00124232,0.0011817,1.07378,0.441234,0.673196,0,0,10
-7.7853e-05,-0.00127832,0.000834697,0.0105029,-0.0226373,0.241904,0,0,10
-6.34542e-05,-0.00131891,0.000770068,0.0215315,0.00884677,0.225504,0,0,10
0.000141819,0.000799064,0.000853375,1.07378,0.441234,0.673196,0,0,10
3.051e-05,0.0011803,0.00032618,1.07378,0.441234,0.673196,0,0,10
3.051e-05,0.0011803,0.00032618,1.07378,0.441234,0.673196,0,0,10
-8.61911e-06,0.00145539,0.000334457,1.07378,0.441234,0.673196,0,0,10
-8.61911e-06,0.00145539,0.000334457,1.07378,0.441234,0.673196,0,0,10
2.75883e-06,0.00145244,0.000824647,1.07378,0.441234,0.673196,0,0,10
4.97208e-05,0.00123427,0.00114752,1.07378,0.441234,0.673196,0,0,10
4.53172e-05,-0.00138213,0.000744277,-6.72963e-05,-0.0231368,0.224779,0,0,10
4.08485e-05,-0.00115797,0.000583607,0.00624001,-0.00266058,0.19919,0,0,10
6.62855e-05,-0.00118515,0.000523702,0.00512109,0.0249655,0.192412,0,0,10
6.30672e-05,-0.00118767,8.35147e-05,-0.00559266,0.0406987,0.202678,0,0,10
1.62796e-05,0.00147263,0.000543427,1.07378,0.441234,0.673196,0,0,10
2.37165e-05,0.00184792,0.000823484,1.07378,0.441234,0.673196,0,0,10
